Frequency	FFT
0.0	1.0392758343677848
0.9765625	0.5203958571305539
1.953125	0.00032551586523083383
2.9296875	0.0001520856868957208
3.90625	5.749102571537187e-05
4.8828125	5.012728917164612e-05
5.859375	4.8079283525364887e-05
6.8359375	1.5328811634375515e-05
7.8125	2.9236606122205648e-05
8.7890625	6.6941025650374015e-06
9.765625	9.707344404300313e-06
10.7421875	8.539244406135615e-06
11.71875	2.088224588385622e-05
12.6953125	1.6528682396764938e-05
13.671875	1.30464466295532e-05
14.6484375	2.9131116689980943e-05
15.625	1.543526093430561e-05
16.6015625	2.1584942557990847e-05
17.578125	3.017642824659133e-05
18.5546875	1.895854828066084e-05
19.53125	2.2597962301634893e-05
20.5078125	1.4345877477495113e-05
21.484375	1.542420661291214e-05
22.4609375	2.0191887111216968e-05
23.4375	1.4106705711877169e-05
24.4140625	3.6538032948791734e-05
25.390625	3.2792460123122885e-05
26.3671875	3.2805881066128e-05
27.34375	4.514854013590649e-05
28.3203125	2.8158968731029666e-05
29.296875	1.6211021048780392e-05
30.2734375	4.629564763220559e-06
31.25	2.19059453863684e-05
32.2265625	3.490068576979991e-05
33.203125	2.9950524879948525e-05
34.1796875	1.0117703110961238e-05
35.15625	2.0562808962939105e-06
36.1328125	2.1031210218292168e-05
37.109375	2.5913323237832517e-05
38.0859375	7.4745339890399864e-06
39.0625	1.0485743480948033e-05
40.0390625	8.881475800630703e-06
41.015625	2.9682954911472643e-05
41.9921875	3.715260496376354e-05
42.96875	1.1114393313301772e-05
43.9453125	1.8496385874084486e-05
44.921875	1.584562697160164e-05
45.8984375	2.480328305432742e-05
46.875	4.933436562616738e-05
47.8515625	3.355119824795731e-05
48.828125	1.698731431153292e-05
49.8046875	3.9409861173527015e-05
50.78125	2.7383165718920047e-05
51.7578125	3.383881717491384e-05
52.734375	1.690371759879111e-05
53.7109375	3.444587114381701e-05
54.6875	3.2171579729288217e-05
55.6640625	3.222957564047124e-05
56.640625	3.482614451033343e-05
57.6171875	2.1414967669862502e-05
58.59375	1.2923445161729622e-05
59.5703125	2.4097830070450614e-05
60.546875	8.903953863153226e-06
61.5234375	9.769957136254405e-06
62.5	2.1638367600656873e-05
63.4765625	1.9445927261031373e-05
64.453125	1.912413911614629e-05
65.4296875	2.82941072395184e-05
66.40625	5.318737546773695e-06
67.3828125	1.7405547806538094e-05
68.359375	1.1872694365634341e-05
69.3359375	2.526167807382906e-05
70.3125	1.704146088599615e-05
71.2890625	1.3786647203851845e-05
72.265625	1.9501515831816323e-05
73.2421875	2.760060443845244e-05
74.21875	2.929269070352228e-05
75.1953125	1.733218937938619e-05
76.171875	6.635566343373598e-05
77.1484375	4.833389639744398e-05
78.125	9.46279880167903e-06
79.1015625	6.673562630812533e-06
80.078125	1.683899570533784e-05
81.0546875	7.787734112579936e-06
82.03125	4.358425608298344e-06
83.0078125	1.9810420409138026e-05
83.984375	5.678330089816839e-05
84.9609375	5.47161813010897e-05
85.9375	3.64058763924845e-05
86.9140625	2.4427787055479304e-05
87.890625	4.755888274919878e-05
88.8671875	2.4354082156730245e-05
89.84375	3.3041948694621746e-05
90.8203125	2.6148505326258933e-05
91.796875	2.6653402474438783e-05
92.7734375	3.820080834536086e-05
93.75	2.9156362832748533e-05
94.7265625	2.6548929706215785e-06
95.703125	3.426439658239445e-05
96.6796875	6.31566558645232e-05
97.65625	5.488645096091895e-05
98.6328125	2.1194764305908657e-05
99.609375	4.7916975752828633e-05
100.5859375	3.801242027512395e-05
101.5625	1.3380685747892651e-05
102.5390625	6.483331731758793e-06
103.515625	2.597302875039675e-05
104.4921875	1.7587981025911598e-05
105.46875	1.786567165098587e-05
106.4453125	2.064987444132571e-05
107.421875	2.296067312803618e-05
108.3984375	1.337617503685928e-05
109.375	8.53081649115981e-06
110.3515625	3.0278014413996777e-05
111.328125	2.8243119296571852e-05
112.3046875	1.948533713909477e-05
113.28125	5.797540256872256e-06
114.2578125	2.3805850784900318e-05
115.234375	1.1486363740540136e-05
116.2109375	3.707377431474932e-05
117.1875	4.536535269780552e-05
118.1640625	2.8230374999827546e-05
119.140625	2.969067625956454e-05
120.1171875	1.8356771706323998e-05
121.09375	2.3666224169404807e-05
122.0703125	3.4151727654193063e-05
123.046875	4.237597018635743e-05
124.0234375	2.1259252953508025e-05
125.0	1.0112354019182593e-05
125.9765625	7.25397077164064e-06
126.953125	1.2231976674197999e-05
127.9296875	1.3223560207561431e-05
128.90625	1.5102942764320912e-05
129.8828125	2.046882996034428e-05
130.859375	8.46070469049055e-06
131.8359375	8.132067859272237e-06
132.8125	1.5606427448246736e-05
133.7890625	8.337690639754896e-06
134.765625	2.8634073651408452e-05
135.7421875	5.576160022948312e-05
136.71875	2.9162852468199224e-05
137.6953125	1.3409103157849645e-05
138.671875	1.7023599024209416e-05
139.6484375	1.5114290651683502e-05
140.625	2.960288668028796e-05
141.6015625	2.313792491645548e-05
142.578125	9.753261075571531e-06
143.5546875	8.546401314923315e-06
144.53125	1.5955522611830807e-05
145.5078125	1.4974544907796898e-05
146.484375	1.785688173677066e-05
147.4609375	2.1371959125709406e-05
148.4375	3.3084546629735336e-05
149.4140625	4.51863357076388e-05
150.390625	2.378613451903719e-05
151.3671875	3.900667048894032e-06
152.34375	2.3789494722301793e-05
153.3203125	1.2834033697398732e-05
154.296875	1.723577066989975e-05
155.2734375	1.286615729772106e-05
156.25	1.2389590302134938e-05
157.2265625	1.5608434232296954e-05
158.203125	1.1294089809479027e-05
159.1796875	1.8786375320164456e-05
160.15625	2.532516427177589e-05
161.1328125	2.3413058511037823e-05
162.109375	2.7838932372802998e-05
163.0859375	2.511683976626351e-05
164.0625	1.8776755523203357e-05
165.0390625	2.4942516722393148e-05
166.015625	2.7333546845647484e-05
166.9921875	1.6930113860156223e-05
167.96875	2.8207773471501883e-05
168.9453125	2.387023278244887e-05
169.921875	1.3595364163412732e-05
170.8984375	7.684196304301754e-06
171.875	1.9097218081055964e-05
172.8515625	1.1603335319842858e-05
173.828125	2.038475975227141e-05
174.8046875	8.780474348089147e-06
175.78125	7.151670010298002e-06
176.7578125	1.55061591925051e-05
177.734375	2.274491950132999e-05
178.7109375	1.0420796741086714e-05
179.6875	3.953299729741925e-06
180.6640625	7.4203306062963686e-06
181.640625	2.862690118124609e-05
182.6171875	3.475761525621012e-05
183.59375	1.3875304380906807e-05
184.5703125	1.1363218989920547e-05
185.546875	1.155167031582502e-05
186.5234375	1.9826515612136445e-05
187.5	3.6712324802932265e-06
188.4765625	6.309845631682842e-06
189.453125	6.9030029276139e-06
190.4296875	1.2558119201151415e-05
191.40625	1.0270124129424536e-05
192.3828125	1.029075491261547e-05
193.359375	2.1202850814286396e-05
194.3359375	1.958082645582153e-05
195.3125	9.397516883660991e-06
196.2890625	1.1249337461257357e-05
197.265625	2.293525344526004e-05
198.2421875	2.3660112988655745e-05
199.21875	1.7915855801323684e-05
200.1953125	1.764119395010452e-05
201.171875	3.397805568288744e-05
202.1484375	3.1487212077227286e-05
203.125	8.103712927903314e-06
204.1015625	8.966714688180724e-06
205.078125	1.8726141458327067e-05
206.0546875	2.513326519941841e-05
207.03125	2.0731888290918915e-05
208.0078125	2.357904198668216e-05
208.984375	1.656709123375147e-05
209.9609375	1.7849336992378923e-05
210.9375	6.10575761561316e-05
211.9140625	5.987529090211174e-05
212.890625	2.475231196341015e-05
213.8671875	2.462575886134805e-05
214.84375	2.814700263496972e-05
215.8203125	2.454324034554494e-05
216.796875	2.2705743644521054e-05
217.7734375	1.8125080880013827e-05
218.75	2.4459178276557976e-05
219.7265625	2.2723036941805747e-05
220.703125	3.95180540615596e-05
221.6796875	3.1896650317730955e-05
222.65625	7.082715964277334e-06
223.6328125	8.52887693857048e-06
224.609375	4.9973690839537426e-06
225.5859375	1.2447766168688304e-05
226.5625	1.086842653935916e-05
227.5390625	1.4257783577216603e-05
228.515625	1.3854461174308378e-05
229.4921875	5.955366204412035e-06
230.46875	1.3245037219027425e-05
231.4453125	5.275802818953194e-05
232.421875	6.712853395199232e-05
233.3984375	3.067551010992739e-05
234.375	1.929301688408837e-05
235.3515625	2.0326044651885428e-05
236.328125	1.5377725076065217e-05
237.3046875	1.8607296461999894e-05
238.28125	2.4682459089211618e-05
239.2578125	1.7444633533512297e-05
240.234375	1.440750340971688e-05
241.2109375	1.373513674022779e-05
242.1875	1.3826372807260956e-05
243.1640625	8.744135829676962e-06
244.140625	1.063175953752486e-05
245.1171875	1.0785557687183554e-05
246.09375	1.1666966267890369e-05
247.0703125	7.312095239376649e-06
248.046875	1.848703246464378e-05
249.0234375	8.164894425695743e-06
250.0	1.14938683634782e-05
250.9765625	1.8072234713249632e-05
251.953125	1.194192267117082e-05
252.9296875	1.5114314980143306e-05
253.90625	2.5688781061696686e-05
254.8828125	2.0433235341422757e-05
255.859375	1.3361363141477925e-05
256.8359375	2.5728779379440405e-05
257.8125	2.395225709638079e-05
258.7890625	1.2564395347106884e-05
259.765625	1.841075125973208e-05
260.7421875	1.626825766042594e-05
261.71875	8.959802867691787e-06
262.6953125	3.117742080965744e-06
263.671875	1.55728616567567e-05
264.6484375	1.5191602429393118e-05
265.625	9.865580615388408e-06
266.6015625	5.930805959380482e-06
267.578125	1.0746809546039925e-05
268.5546875	2.369214868757443e-05
269.53125	3.484730660577999e-05
270.5078125	1.693248881657614e-05
271.484375	1.7448754200796725e-05
272.4609375	2.7814234435320245e-05
273.4375	4.014044504926888e-05
274.4140625	1.9442614382393814e-05
275.390625	1.5693888028147426e-05
276.3671875	1.1786183762831375e-05
277.34375	1.045462521624446e-05
278.3203125	4.048279610652107e-06
279.296875	1.0063434982435423e-05
280.2734375	1.1904620619178748e-05
281.25	2.1035083345842497e-05
282.2265625	2.092223037288631e-05
283.203125	8.454982366341011e-06
284.1796875	4.623033978611335e-07
285.15625	4.3604039911659596e-06
286.1328125	1.4311008178072154e-05
287.109375	1.6454618105200448e-05
288.0859375	9.691836709431877e-06
289.0625	8.418478879160221e-06
290.0390625	4.977682707145045e-06
291.015625	6.474014261296957e-06
291.9921875	4.640345953410854e-06
292.96875	3.873703379984244e-06
293.9453125	7.965411581695204e-06
294.921875	2.2702341891772794e-05
295.8984375	2.512732062621152e-05
296.875	5.434691370129085e-06
297.8515625	5.6466814288327135e-06
298.828125	1.1585090825980488e-05
299.8046875	1.086055111726733e-05
300.78125	1.4188634981016544e-05
301.7578125	1.145568560948833e-05
302.734375	2.9062839250435505e-05
303.7109375	1.9658434042846783e-05
304.6875	1.611444458686954e-05
305.6640625	1.8172207571062882e-05
306.640625	1.5170710910238015e-05
307.6171875	7.745125161927458e-06
308.59375	2.6879159779476265e-05
309.5703125	3.640100510534998e-05
310.546875	2.3235100437467476e-05
311.5234375	1.0196968497297555e-05
312.5	8.943280644185307e-06
313.4765625	1.2457968484255494e-05
314.453125	1.4537103886870106e-05
315.4296875	1.692234025638278e-05
316.40625	2.0847888365400745e-05
317.3828125	1.4377387798696118e-05
318.359375	2.8943899246935742e-05
319.3359375	1.9483496713153027e-05
320.3125	1.075211751889659e-05
321.2890625	1.55272472370721e-05
322.265625	1.6194869723502084e-05
323.2421875	1.2977826162945413e-05
324.21875	5.564314832706167e-06
325.1953125	1.7515296629733072e-05
326.171875	2.7839189352065005e-05
327.1484375	2.348079364686312e-05
328.125	1.0787711367952324e-05
329.1015625	5.735501533523694e-06
330.078125	9.308158873245298e-06
331.0546875	3.5688170614666885e-06
332.03125	3.617884036107398e-06
333.0078125	1.0942006256755655e-05
333.984375	7.775769036518746e-06
334.9609375	1.5093630040545688e-05
335.9375	1.9260588364631106e-05
336.9140625	5.979779117671464e-06
337.890625	1.8157383821131317e-05
338.8671875	1.673801241480095e-05
339.84375	8.680167413216116e-06
340.8203125	8.186415886330624e-06
341.796875	9.85046713491631e-07
342.7734375	1.113831654993835e-05
343.75	1.131023446786068e-05
344.7265625	1.7794097677170296e-05
345.703125	2.071193834562581e-05
346.6796875	1.4501271499518582e-05
347.65625	6.323726797376561e-06
348.6328125	1.111840255559438e-05
349.609375	1.1378826555625581e-05
350.5859375	9.312782755791763e-06
351.5625	4.297681043554664e-06
352.5390625	4.344355172472974e-06
353.515625	1.3061438504086795e-05
354.4921875	9.031336928921151e-06
355.46875	8.853311277896637e-06
356.4453125	1.5148154705400732e-05
357.421875	1.3688790749262287e-05
358.3984375	1.1714142467714856e-05
359.375	7.620456291509217e-06
360.3515625	1.2164841725512721e-05
361.328125	1.932684551491759e-05
362.3046875	1.6601262428704113e-05
363.28125	1.218000349849532e-05
364.2578125	3.5463465167202245e-06
365.234375	9.787745870463338e-06
366.2109375	1.4701774706533486e-05
367.1875	1.6535456422735866e-05
368.1640625	1.2044583824146148e-05
369.140625	1.4924316597744511e-05
370.1171875	2.772848640704383e-05
371.09375	2.0695405869886576e-05
372.0703125	2.0064076456678827e-05
373.046875	8.033177017604553e-06
374.0234375	1.7550774943747898e-05
375.0	1.9145935029876314e-05
375.9765625	1.252502414049932e-05
376.953125	1.2791551873608866e-05
377.9296875	9.037841833187649e-06
378.90625	8.794771646575138e-06
379.8828125	1.353615202552886e-05
380.859375	2.067522079135055e-05
381.8359375	2.6259543778575886e-05
382.8125	2.0570032053380337e-05
383.7890625	1.0923045578417087e-05
384.765625	8.136080062379194e-06
385.7421875	4.913116136117022e-06
386.71875	1.6616803400329968e-05
387.6953125	1.409468509143438e-05
388.671875	1.1894262114857657e-05
389.6484375	8.235825477238132e-06
390.625	1.37156023764432e-05
391.6015625	1.9193181716897744e-06
392.578125	1.8968465609507813e-05
393.5546875	2.1835433969159335e-05
394.53125	2.2974236728970242e-05
395.5078125	1.4502574376412442e-05
396.484375	6.734840829426656e-07
397.4609375	6.133923511021559e-06
398.4375	6.492211519583838e-06
399.4140625	4.995932952530442e-06
400.390625	1.3150346303402671e-05
401.3671875	1.7113176407268462e-05
402.34375	8.386738126826144e-06
403.3203125	8.194840170488533e-06
404.296875	1.0650318872967005e-06
405.2734375	6.0205226397613774e-06
406.25	1.3185397164772451e-05
407.2265625	7.165494987542969e-06
408.203125	3.244248985477519e-06
409.1796875	6.195717498759969e-06
410.15625	5.821537538791695e-06
411.1328125	4.539071249802674e-06
412.109375	1.4576643609644528e-05
413.0859375	1.1810389254979892e-05
414.0625	1.1485647117879643e-05
415.0390625	1.6922734328118357e-05
416.015625	1.005933340360184e-05
416.9921875	5.526062591100701e-06
417.96875	6.438157133499266e-06
418.9453125	2.02921936796246e-05
419.921875	1.7788739643550834e-05
420.8984375	5.484965387347356e-06
421.875	8.98150462339387e-06
422.8515625	1.4517391802867888e-05
423.828125	2.1787386040306377e-05
424.8046875	1.4466836766155596e-05
425.78125	1.7534347652513726e-05
426.7578125	1.5351956296193765e-05
427.734375	1.60252565129215e-05
428.7109375	1.846717924479679e-05
429.6875	1.3325957893402682e-05
430.6640625	1.6012704168553466e-05
431.640625	2.2156918744816278e-05
432.6171875	1.3897034949953663e-05
433.59375	1.3866009891116679e-05
434.5703125	1.4487899482470403e-05
435.546875	9.731807513234447e-06
436.5234375	2.0568772147959802e-05
437.5	1.670258752391004e-05
438.4765625	1.2869662907604254e-05
439.453125	7.97470206864027e-06
440.4296875	9.99823888172048e-06
441.40625	2.0967065633741346e-05
442.3828125	2.046761452439991e-05
443.359375	1.887387595573178e-05
444.3359375	1.550097607946544e-05
445.3125	4.257965270512886e-06
446.2890625	8.307395700097717e-06
447.265625	1.5637381762217694e-05
448.2421875	1.1408459050695099e-05
449.21875	2.3925522753408532e-06
450.1953125	6.82157821850299e-06
451.171875	8.833140160957339e-06
452.1484375	1.3877996985144758e-05
453.125	1.3931641479938588e-05
454.1015625	1.7938675879252132e-05
455.078125	1.8610584304598947e-05
456.0546875	9.11570044803096e-06
457.03125	8.369096672844559e-06
458.0078125	6.605605764264573e-06
458.984375	4.5785290043201954e-06
459.9609375	1.0044665250258918e-05
460.9375	8.635324163646414e-06
461.9140625	8.12024451388392e-06
462.890625	1.6251054905882145e-05
463.8671875	1.1146362962557184e-05
464.84375	1.8701983938971196e-05
465.8203125	2.5612831472911476e-05
466.796875	7.919376462690696e-06
467.7734375	2.7580456978713353e-06
468.75	3.4845974444139903e-05
469.7265625	6.328451638179312e-05
470.703125	3.174368212322408e-05
471.6796875	1.519874130385421e-05
472.65625	1.6396818494066655e-05
473.6328125	1.6711843213129477e-05
474.609375	1.595833614696275e-05
475.5859375	1.9278063692080433e-05
476.5625	1.698701994757e-05
477.5390625	1.641464267843069e-05
478.515625	2.416988918674702e-05
479.4921875	2.315890257605533e-05
480.46875	7.129829273582827e-06
481.4453125	1.5880800138485715e-05
482.421875	1.0673334784095768e-05
483.3984375	2.4907654386762064e-06
484.375	8.858620226401668e-06
485.3515625	1.3453755654310954e-05
486.328125	1.1950062480118094e-05
487.3046875	5.161713735926757e-06
488.28125	9.977145622148171e-06
489.2578125	6.26993681051634e-06
490.234375	8.341971269950444e-06
491.2109375	5.6827622032993646e-06
492.1875	1.3945999064240362e-05
493.1640625	7.4640973638632495e-06
494.140625	1.0075149784172132e-05
495.1171875	2.609403009928083e-05
496.09375	2.5989820035746103e-05
497.0703125	1.247291225408934e-05
498.046875	2.271140000156266e-06
499.0234375	2.8064277324912437e-06
500.0	4.517153105565441e-06
